Size of dataframe: (26532, 14)
Training size: 0.79998
Testing size: 0.20002

Scorer: root_mean_squared_error

Best parameters: {'C': 10, 'epsilon': 1000}

Best grid search values for support vector regressor

     param_C  param_epsilon     split0     split1     split2  mean_test_rmse
0      1.000          0.100   75.99907   73.23381   77.51713        75.01918
1      0.100          0.010   77.11095   75.47565   81.37228        76.80203
2      0.100          0.100   77.06852   75.35922   81.34570        76.80220
3      0.100          0.100   77.06852   75.35922   81.34570        76.80220
4      0.100          0.001   77.14928   75.54011   81.36136        76.82885
5     10.000          0.100   81.30548   78.69831   80.16038        79.53743
6      1.000          1.000   82.89921   82.08323   89.36356        84.12521
7      0.010          0.001   84.59072   83.46095   90.77620        84.95786
8      0.010          0.010   84.59335   83.52534   90.77399        84.99157
9      0.010          0.100   84.63314   83.57165   90.98549        85.11473
10    10.000          1.000   83.78864   83.04300   90.26148        85.22372
11     0.100          1.000   85.38834   83.89687   91.86145        85.88073
12     0.001          0.001  102.32384  101.97244  109.96307       103.54400
13     0.001          0.010  102.31375  101.99125  109.99503       103.54928
14     0.001          0.100  102.48978  102.14839  110.21879       103.72537
15     1.000         10.000  128.03892  137.69027  145.45935       137.40602
16    10.000         10.000  128.03892  137.69027  145.45935       137.40602
17    10.000         10.000  128.03892  137.69027  145.45935       137.40602
18   100.000         10.000  128.03892  137.69027  145.45935       137.40602
19  1000.000         10.000  128.03892  137.69027  145.45935       137.40602
20     0.100         10.000  128.03892  137.69027  145.45935       137.40602
21  1000.000        100.000  128.03892  137.69027  145.45935       137.40602
22    10.000        100.000  128.03892  137.69027  145.45935       137.40602
23   100.000        100.000  128.03892  137.69027  145.45935       137.40602
24    10.000       1000.000  128.03892  137.69027  145.45935       137.40602
25   100.000       1000.000  128.03892  137.69027  145.45935       137.40602
26  1000.000       1000.000  128.03892  137.69027  145.45935       137.40602


Support vector regressor using test dataset
Test MAE for support vector regressor: 40.53785
Test MAPE for support vector regressor: 25.2%
Test RMSE for support vector regressor: 72.03059
Test R2 for support vector regressor: 0.64978


Calculating support vector regressor model on entire data set
Saving model file to /Users/angelo/Programming/Python/machine-learning-exercises/short-term-rents-in-london/model.pkl

Total time: 9.61 minutes